LI 1, 1
LI 2, 2
SLL 2, 10
SUB 2, 1
SLL 1, 10 
LI 3, 0     
MOV 4, 1
LD 5, 0(4) 
LD 6, 1(4)
CMP 5, 6
BLE 2       
ST 5, 1(4)
ST 6, 0(4)
LI 7, 1
ADD 7, 3
ADD 7, 4
LI 5, 1
ADD 4, 5
CMP 7, 2
BLT -13  
MOV 4, 1
LI 7, 1
ADD 7, 3
ADD 7, 1
LI 5, 1
ADD 3, 5
CMP 7, 2
BLT -21   
MOV 4, 1
LD 5, 0(4) 
OUT 5
LI 6, 1
ADD 4, 6
CMP 4, 2
BLE -6    
HLT
0
0
0
0
0
0
0
0
0
0
0
0
0
0
0
0
0
0
0
0
0
0
0
0
0
0
0
0
0
0
0
0
0
0
0
0
0
0
0
0
0
0
0
0
0
0
0
0
0
0
0
0
0
0
0
0
0
0
0
0
0
0
0
0
0
0
0
0
0
0
0
0
0
0
0
0
0
0
0
0
0
0
0
0
0
0
0
0
0
0
0
0
0
0
0
0
0
0
0
0
0
0
0
0
0
0
0
0
0
0
0
0
0
0
0
0
0
0
0
0
0
0
0
0
0
0
0
0
0
0
0
0
0
0
0
0
0
0
0
0
0
0
0
0
0
0
0
0
0
0
0
0
0
0
0
0
0
0
0
0
0
0
0
0
0
0
0
0
0
0
0
0
0
0
0
0
0
0
0
0
0
0
0
0
0
0
0
0
0
0
0
0
0
0
0
0
0
0
0
0
0
0
0
0
0
0
0
0
0
0
0
0
0
0
0
0
0
0
0
0
0
0
0
0
0
0
0
0
0
0
0
0
0
0
0
0
0
0
0
0
0
0
0
0
0
0
0
0
0
0
0
0
0
0
0
0
0
0
0
0
0
0
0
0
0
0
0
0
0
0
0
0
0
0
0
0
0
0
0
0
0
0
0
0
0
0
0
0
0
0
0
0
0
0
0
0
0
0
0
0
0
0
0
0
0
0
0
0
0
0
0
0
0
0
0
0
0
0
0
0
0
0
0
0
0
0
0
0
0
0
0
0
0
0
0
0
0
0
0
0
0
0
0
0
0
0
0
0
0
0
0
0
0
0
0
0
0
0
0
0
0
0
0
0
0
0
0
0
0
0
0
0
0
0
0
0
0
0
0
0
0
0
0
0
0
0
0
0
0
0
0
0
0
0
0
0
0
0
0
0
0
0
0
0
0
0
0
0
0
0
0
0
0
0
0
0
0
0
0
0
0
0
0
0
0
0
0
0
0
0
0
0
0
0
0
0
0
0
0
0
0
0
0
0
0
0
0
0
0
0
0
0
0
0
0
0
0
0
0
0
0
0
0
0
0
0
0
0
0
0
0
0
0
0
0
0
0
0
0
0
0
0
0
0
0
0
0
0
0
0
0
0
0
0
0
0
0
0
0
0
0
0
0
0
0
0
0
0
0
0
0
0
0
0
0
0
0
0
0
0
0
0
0
0
0
0
0
0
0
0
0
0
0
0
0
0
0
0
0
0
0
0
0
0
0
0
0
0
0
0
0
0
0
0
0
0
0
0
0
0
0
0
0
0
0
0
0
0
0
0
0
0
0
0
0
0
0
0
0
0
0
0
0
0
0
0
0
0
0
0
0
0
0
0
0
0
0
0
0
0
0
0
0
0
0
0
0
0
0
0
0
0
0
0
0
0
0
0
0
0
0
0
0
0
0
0
0
0
0
0
0
0
0
0
0
0
0
0
0
0
0
0
0
0
0
0
0
0
0
0
0
0
0
0
0
0
0
0
0
0
0
0
0
0
0
0
0
0
0
0
0
0
0
0
0
0
0
0
0
0
0
0
0
0
0
0
0
0
0
0
0
0
0
0
0
0
0
0
0
0
0
0
0
0
0
0
0
0
0
0
0
0
0
0
0
0
0
0
0
0
0
0
0
0
0
0
0
0
0
0
0
0
0
0
0
0
0
0
0
0
0
0
0
0
0
0
0
0
0
0
0
0
0
0
0
0
0
0
0
0
0
0
0
0
0
0
0
0
0
0
0
0
0
0
0
0
0
0
0
0
0
0
0
0
0
0
0
0
0
0
0
0
0
0
0
0
0
0
0
0
0
0
0
0
0
0
0
0
0
0
0
0
0
0
0
0
0
0
0
0
0
0
0
0
0
0
0
0
0
0
0
0
0
0
0
0
0
0
0
0
0
0
0
0
0
0
0
0
0
0
0
0
0
0
0
0
0
0
0
0
0
0
0
0
0
0
0
0
0
0
0
0
0
0
0
0
0
0
0
0
0
0
0
0
0
0
0
0
0
0
0
0
0
0
0
0
0
0
0
0
0
0
0
0
0
0
0
0
0
0
0
0
0
0
0
0
0
0
0
0
0
0
0
0
0
0
0
0
0
0
0
0
0
0
0
0
0
0
0
0
0
0
0
0
0
0
0
0
0
0
0
0
0
0
0
0
0
0
0
0
0
0
0
0
0
0
0
0
0
0
0
0
0
0
0
0
0
0
0
0
0
0
0
0
0
0
0
0
20908
-29177
31735
28367
-17797
-2432
-29474
-309
-17134
-8758
25506
-2372
4745
-3808
18855
-28753
22096
-7533
-26686
19750
28847
6816
639
-22296
24160
-3628
30618
29058
15950
29461
-20826
11958
-21104
11329
-7731
26233
23203
19452
-4023
10410
29049
-3949
26945
-6401
-11552
32220
-1397
30981
-4538
26958
20079
2614
-19436
-7000
23370
-9922
-4983
-11083
1692
-21970
-9988
6882
-20034
27552
-23427
25685
26946
-13095
7457
29901
6833
-21591
-1574
10271
-5186
-14725
-20420
-20698
-17500
12179
-29326
19249
-9840
-5944
-31210
13184
-21353
-15562
-8436
24689
-25531
-23670
15118
-26973
-8772
-2050
18395
23153
21912
9178
5430
32014
-11975
3448
-28620
-29567
2738
17928
15393
22502
-30060
-30939
-31000
-13454
-15043
-32514
29354
-25425
-4253
2152
-8181
-32355
-20381
32090
19765
17112
-24672
-20406
30264
-3445
-20199
-25673
-30696
-30567
-16950
21327
11878
-14482
5637
-4095
24382
-24317
1992
11
-8247
28987
30369
-9293
-14517
-636
-20274
-14421
-24502
-2397
10011
9908
16177
-31717
-5931
32439
-17177
25865
24590
30425
18844
20153
14981
-4544
-23942
-9266
28213
-31506
-24690
19081
19873
6643
13558
8742
-22368
-32344
9273
-25936
-8503
-21982
787
14308
3147
23444
-32178
-27644
24186
-22805
-28858
-9991
19456
28145
7772
-3649
-29466
-8873
364
-29645
10329
-8831
-29632
-28661
16668
12755
5436
-26159
-10403
-23434
25779
-30471
-21736
10466
11581
3627
-3602
21214
-21962
-6776
30402
-24936
-25551
-22404
-16805
12866
8836
3741
3498
-19406
-30880
573
24885
-99
-24162
5984
2295
980
-12312
26835
-17153
-15173
-371
-22687
-8809
-18684
-1023
21018
-1311
-22676
-12791
1902
12529
14394
-20823
-21601
16839
5227
-2594
-11978
-18240
-2597
7188
2713
18736
-16692
5072
28164
31017
-19691
5988
3855
-462
28923
-11391
24385
-5738
5717
25228
16135
-31921
-11677
5849
-20386
-23916
-7222
31798
9817
-4617
-20823
-29299
4419
-32265
-3997
-19624
-29003
26420
-18931
7111
-4350
8352
13564
32490
-12880
-14940
19453
22439
-3662
-8065
7790
31250
2014
23617
1656
-3356
17186
-10282
31955
31715
26341
-25812
28921
11908
-18374
14910
-29414
-3511
-32657
-28062
-22609
9888
16216
-16902
11514
26680
24489
-1825
26895
11153
28984
10235
-14686
5189
21040
28658
-12165
-15345
-25078
-6466
31171
-15991
7058
-5928
1926
-23369
6947
-8536
21153
5203
13753
-4045
-10193
9236
-9990
28385
-13438
21302
-20009
-29406
11675
19113
23794
8322
-930
-15597
10642
-12093
-23814
-19375
24840
-11207
-2252
31066
30091
20102
-243
10858
-9871
14569
-6584
-17829
-3913
28262
28192
-25972
16175
17341
-20590
-28436
-23973
-15292
-29316
28611
14616
16116
11820
-11188
28461
18994
-17280
-15311
-28157
20282
5617
-13135
-16806
29086
-21680
2514
-9835
24299
-1937
-30858
-21643
-20163
-20150
3149
5810
-2962
-25058
9864
-31611
15161
1131
-3142
25475
28414
25823
-15509
-10920
17775
753
27789
-22555
-26244
-14479
-10262
16194
9107
670
-547
21025
18543
22254
5402
-377
16452
-8116
12312
-5667
-22182
27790
2454
-29372
11743
-934
-11307
-3028
-30461
6922
6038
-12798
31380
-8852
9281
-7164
-31250
15704
14741
8852
-18274
-31104
-31171
-19150
-20798
-6805
22907
24971
-12812
4937
-2784
17979
27365
-7787
-9778
-3334
-19026
10549
13020
24144
21941
-651
-14419
-9892
13967
-8876
3550
-28157
-27258
4926
-23577
-19543
-10824
-17998
20044
-25720
29390
11985
1870
-14274
-29621
18142
-2126
-3007
-28094
-25155
-20858
-5842
28545
21896
-5624
-28910
129
16908
-17944
15893
-8561
-19932
14100
-3278
-32699
-13317
-30419
10599
-29868
9080
19946
30833
20578
-739
-30746
22922
4883
-168
28986
-7219
-29521
25743
-25075
-5483
27800
-22392
21948
29356
-25726
-2719
13944
31547
3352
-27219
-14131
14564
27279
25239
-13569
3352
9245
20945
22901
25583
15283
27092
23234
-27770
-12599
29507
-7002
29323
-25382
23513
26950
-25600
-6864
8364
18540
-682
3960
1945
-3155
-9387
10751
-2111
18181
24346
-6013
-22819
-6045
-19100
2931
2957
-444
14555
-17588
1796
-30856
-8143
-24270
-18687
7122
17434
23053
-21402
-10239
3488
30900
-8869
-15780
21261
1335
25969
28125
17129
-14170
-3166
31059
19434
13930
-15435
-22594
1322
-31085
22468
-11714
-2211
10007
7854
4703
2679
21167
25929
-27522
-5115
-1574
-29695
-7757
12849
-14236
-3011
29972
2276
26431
12616
14976
7768
639
-7188
17232
-3909
6319
-28511
-15935
-16554
32513
-1293
-26505
23866
-30163
-30469
-16564
10072
-20779
9175
5955
-16961
26985
-26999
-27934
25556
-30285
31968
21703
-21079
-7388
10117
30002
31443
904
-3208
-23166
18536
-13684
-16993
9678
28876
29460
1272
-20312
-17351
-27307
-13290
-4869
15864
14755
-32324
-9868
3877
27059
676
12893
-3242
-9971
-26151
-29998
9439
-24406
-27809
-30763
-7680
-26457
21764
-25730
11161
-7937
-27903
-29030
13795
32136
12285
20865
30373
-1546
-13177
-23003
-4437
-21754
-2328
31400
11470
-4607
-9191
21704
8121
-16648
-23261
-12159
-22244
17999
-29433
303
4732
-27705
-21076
-13848
-20941
-11900
-27788
30287
11825
-5215
-27108
-32283
29429
15492
-24239
-15479
14678
22058
5822
-30257
-8869
-26930
2723
-13323
2057
854
24324
12642
-25168
26758
4438
-1379
12454
12563
4566
-15343
-31436
6099
-18343
13466
-28041
2622
-26790
29812
-15923
5386
-7913
-3307
-22525
6888
1421
-11336
-27637
-5502
-32138
21546
31537
-7170
16497
-6521
-18865
20274
-32510
-12226
4588
-3440
-18016
12979
-25585
2391
395
-6218
21375
-30272
-20287
-14
20995
21945
17236
29274
-21723
-14984
10235
11371
-26560
-22498
10236
24542
-2676
21740
9148
5213
28693
2843
11733
-5314
6323
6104
-4320
-4185
-17818
17136
2507
27710
25125
-8546
9292
-14867
28879
30694
-10921
-5482
-1968
-10221
-17654
28046
2424
-24277
-3410
-1736
27344
-28065
-26848
-28886
29325
18287
25618
30017
8593
-30581
29352
-20910
29557
10523
30716
23988
18764
12631
32423
-27185
10799
-13026
8608
-29021
-7273
-14743
31588
22770
19975
-5170
-19867
27952
-4325
-30105
-4175
7456
-21320
20969
-4755
5306
1634
15338
886
-4475
-3864
-1062
-28264
26407
2548
-7123
-14812
2255
-15390
18359
-24871
-26948
-15721
18285
-9079
22406
-17985
-3262
-31676
-21331
16993
-15492
27372
-12551
29492
24341
-22549
26819
1623
-24906
29619
-26265
16599
24669
-22129
-29445
-1646
-5007
8497
-17069
17380
-1988
-26175
-29291
-19827
-31128
24062
-201
26096
23418
1895
32424
-12035
-10544
-4316
-26084
-29333
-16341
-29796
-21557
27548
1424
-12360
-10606
4732
4462
27934
22710
-21007
-19449
-4382
5458
21802
7020
-16069
-4816
-6094
-22559
-15183
-31990
-2993
-10773
9869
26576
-14696
22925
-2544
23278
16537
19840
4497
-3012
8966
-11012
-8090
-23066
6169
-26591
32700